172142397100000694082890026872724064087404709912353370
2000000000010004800207400182015
2000000000020004800207400182015
2000000000030004800397771082015
2000000000040004800397771082015
2000000000050004800397771082015
2000000000060004800397771082015
2000000000070004800397771082015
2000000000080004800397771082015
2000000000090004800397771082015
2000000000100004800397771082015
2000000000110004800397771082015
2000000000120004800397771082015
2000000000130004800397771082015
2000000000140004800397771082015
2000000000150004800397771082015
2000000000160004800397771082015
2000000000170004800397771082015
2000000000180004800397771082015
2000000000190004800397771082015
2000000000200004800397771082015
2000000000210004800397771082015
2000000000220004800397771082015
2000000000230004800997016082015
2000000000240004800997016082015
2000000000250004800997016082015
2000000000260004800997016082015
2000000000270004800997016082015
2000000000280004800997016082015
2000000000290004800997016082015
2000000000300004800997016082015
2000000000310004800997016082015
2000000000320004800997016082015
2000000000330004800997016082015
2000000000340004800997016082015
2000000000350004800997016082015
2000000000360004800997016082015
2000000000370004800997016082015
2000000000380004800997016082015
2000000000390004800997016082015
2000000000400004800997016082015
2000000000410004800997016082015
2000000000420004800997016082015
2000000000430004800997016082015
2000000000440004800997016082015
2000000000450004800997016082015
2000000000460004800997016082015
2000000000470004800997016082015
2000000000480004800997016082015
2000000000490004800997016082015
2000000000500004800997016082015
2000000000510004800997016082015
2000000000520004800997016082015
2000000000530004800997016082015
2000000000540004800997016082015
2000000000550004800997016082015
2000000000560004800997016082015
2000000000570004800997016082015
2000000000580004800997016082015
2000000000590004800997016082015
2000000000600004800997016082015
2000000000610004800997016082015
2000000000620004800997016082015
2000000000630004801712000082023
2000000000640004802442125082031
2000000000650004802442125082031
2000000000660004802442125082031
2000000000670004802442125082031
2000000000680004802442125082031
2000000000690004802442125082031
2000000000700004802442125082031
2000000000710004802442125082031
2000000000720004802442125082031
2000000000730004802442125082031
2000000000740004802442125082031
2000000000750004802442125082031
2000000000760004802442125082031
2000000000770004802442125082031
2000000000780004802442125082031
2000000000790004802442125082031
2000000000800004802442125082031
2000000000810004802442125082031
2000000000820004802442125082031
2000000000830004802442125082031
2000000000840004802523117082031
2000000000850004802523117082031
2000000000860004802523117082031
2000000000870004802523117082031
2000000000880004802523117082031
2000000000890004802523117082031
2000000000900004802523117082031
2000000000910004802523117082031
2000000000920004802523117082031
2000000000930004802523117082031
2000000000940004802523117082031
2000000000950004802523117082031
2000000000960004802523117082031
2000000000970004802523117082031
2000000000980004802523117082031
2000000000990004802523117082031
2000000001000004802523117082031
2000000001010004802523117082031
2000000001020004802523117082031
2000000001030004802523117082031
2000000001040004803314001082031
2000000001050004803615000082031
2000000001060004803615000082031
2000000001070004804800501082031
2000000001080004804907241082031
2000000001090004806420015082031
2000000001100004806503182082031
2000000001110004806503182082031
2000000001120004806594000082031
2000000001130004806681249082031
2000000001140004806703558082031
2000000001150004807430302082031
2000000001160004808550807082031
2000000001170004809335121082031
2000000001180004809602036082031
400001180000056640
